0, 0, 0
1, 118, 0, 2, 1
2, 110, 0, 2
3, 1387, 0, 2, 1, 9, 3
4, 2120, 0, 2, 1, 9, 3, 7, 8, 4
5, 2232, 0, 2, 1, 9, 3, 7, 8, 5
6, 2820, 0, 2, 1, 9, 3, 7, 8, 4, 6
7, 2023, 0, 2, 1, 9, 3, 7
8, 2091, 0, 2, 1, 9, 3, 7, 8
9, 537, 0, 2, 1, 9
0, 0, 0
1, 118, 0, 2, 1
2, 110, 0, 2
3, 226, 0, 2, 1, 3
4, 413, 0, 2, 1, 8, 4
5, 525, 0, 2, 1, 8, 5
6, 169, 0, 2, 1, 6
7, 452, 0, 2, 1, 8, 7
8, 384, 0, 2, 1, 8
9, 537, 0, 2, 1, 9
0, 0, 0
1, 388, 0, 28, 23, 1
2, 710, 0, 28, 23, 29, 2
3, 772, 0, 28, 23, 3
4, 445, 0, 7, 4
5, 572, 0, 28, 23, 5
6, 489, 0, 28, 23, 29, 6
7, 287, 0, 7
8, 509, 0, 28, 27, 44, 8
9, 177, 0, 28, 9
10, 599, 0, 28, 27, 44, 48, 10
11, 232, 0, 28, 23, 11
12, 215, 0, 12
13, 943, 0, 28, 23, 29, 13
14, 199, 0, 28, 9, 14
15, 501, 0, 28, 23, 29, 15
16, 815, 0, 28, 18, 16
17, 750, 0, 28, 18, 17
18, 736, 0, 28, 18
19, 864, 0, 28, 23, 19
20, 769, 0, 28, 23, 29, 20
21, 809, 0, 28, 23, 29, 43, 21
22, 218, 0, 22
23, 143, 0, 28, 23
24, 795, 0, 28, 18, 17, 24
25, 484, 0, 28, 23, 1, 25
26, 315, 0, 26
27, 188, 0, 28, 27
28, 120, 0, 28
29, 453, 0, 28, 23, 29
30, 865, 0, 28, 27, 44, 30
31, 1008, 0, 28, 23, 5, 35, 31
32, 488, 0, 28, 27, 44, 32
33, 531, 0, 28, 27, 44, 8, 33
34, 774, 0, 28, 23, 29, 43, 34
35, 684, 0, 28, 23, 5, 35
36, 221, 0, 28, 23, 36
37, 737, 0, 28, 9, 14, 37
38, 700, 0, 28, 23, 5, 38
39, 917, 0, 28, 27, 44, 8, 33, 39
40, 765, 0, 28, 23, 29, 43, 40
41, 418, 0, 28, 23, 36, 41
42, 830, 0, 28, 18, 16, 42
43, 550, 0, 28, 23, 29, 43
44, 475, 0, 28, 27, 44
45, 810, 0, 28, 18, 17, 45
46, 841, 0, 28, 27, 46
47, 899, 0, 28, 49, 47
48, 498, 0, 28, 27, 44, 48
49, 686, 0, 28, 49
0, 0, 0
1, 388, 0, 28, 23, 1
2, 195, 0, 39, 21, 2
3, 366, 0, 39, 21, 29, 6, 3
4, 131, 0, 39, 21, 4
5, 174, 0, 39, 21, 5
6, 160, 0, 39, 21, 29, 6
7, 287, 0, 7
8, 425, 0, 39, 21, 4, 8
9, 177, 0, 28, 9
10, 284, 0, 39, 21, 29, 6, 10
11, 232, 0, 28, 23, 11
12, 215, 0, 12
13, 249, 0, 28, 23, 13
14, 249, 0, 28, 14
15, 172, 0, 39, 21, 29, 15
16, 288, 0, 7, 16
17, 321, 0, 39, 21, 4, 31, 17
18, 214, 0, 39, 21, 4, 18
19, 264, 0, 39, 19
20, 327, 0, 22, 20
21, 122, 0, 39, 21
22, 218, 0, 22
23, 143, 0, 28, 23
24, 177, 0, 39, 21, 4, 24
25, 278, 0, 39, 21, 29, 25
26, 315, 0, 26
27, 188, 0, 28, 27
28, 120, 0, 28
29, 124, 0, 39, 21, 29
30, 374, 0, 28, 23, 11, 30
31, 209, 0, 39, 21, 4, 31
32, 229, 0, 39, 21, 2, 32
33, 320, 0, 39, 21, 29, 43, 33
34, 274, 0, 39, 21, 34
35, 380, 0, 28, 35
36, 221, 0, 28, 23, 36
37, 332, 0, 39, 21, 29, 6, 10, 45, 37
38, 430, 0, 28, 38
39, 3, 0, 39
40, 426, 0, 39, 21, 40
41, 176, 0, 39, 21, 41
42, 145, 0, 39, 21, 42
43, 221, 0, 39, 21, 29, 43
44, 242, 0, 39, 21, 2, 32, 44
45, 303, 0, 39, 21, 29, 6, 10, 45
46, 369, 0, 39, 21, 29, 6, 10, 46
47, 132, 0, 39, 47
48, 385, 0, 39, 21, 29, 6, 10, 48
49, 275, 0, 39, 21, 29, 15, 49
