0, 0, 0
1, 118, 0, 2, 1
2, 110, 0, 2
3, 1387, 0, 2, 1, 9, 3
4, 2120, 0, 2, 1, 9, 3, 7, 8, 4
5, 2232, 0, 2, 1, 9, 3, 7, 8, 5
6, 2820, 0, 2, 1, 9, 3, 7, 8, 4, 6
7, 2023, 0, 2, 1, 9, 3, 7
8, 2091, 0, 2, 1, 9, 3, 7, 8
9, 537, 0, 2, 1, 9
0, 0, 0
1, 118, 0, 2, 1
2, 110, 0, 2
3, 226, 0, 2, 1, 3
4, 413, 0, 2, 1, 8, 4
5, 525, 0, 2, 1, 8, 5
6, 169, 0, 2, 1, 6
7, 452, 0, 2, 1, 8, 7
8, 384, 0, 2, 1, 8
9, 537, 0, 2, 1, 9
0, 0, 0
1, 388, 0, 28, 23, 1
2, 677, 0, 26, 2
3, 674, 0, 26, 3
4, 445, 0, 7, 4
5, 572, 0, 28, 23, 5
6, 652, 0, 7, 24, 6
7, 287, 0, 7
8, 699, 0, 26, 3, 8
9, 177, 0, 28, 9
10, 472, 0, 7, 16, 18, 17, 46, 10
11, 232, 0, 28, 23, 11
12, 215, 0, 12
13, 887, 0, 26, 3, 8, 13
14, 199, 0, 28, 9, 14
15, 655, 0, 15
16, 288, 0, 7, 16
17, 381, 0, 7, 16, 18, 17
18, 367, 0, 7, 16, 18
19, 864, 0, 28, 23, 19
20, 568, 0, 7, 16, 18, 20
21, 454, 0, 7, 4, 21
22, 218, 0, 22
23, 143, 0, 28, 23
24, 399, 0, 7, 24
25, 484, 0, 28, 23, 1, 25
26, 315, 0, 26
27, 188, 0, 28, 27
28, 120, 0, 28
29, 453, 0, 28, 23, 29
30, 910, 0, 26, 2, 30
31, 577, 0, 28, 23, 1, 31
32, 542, 0, 28, 9, 44, 32
33, 804, 0, 28, 23, 5, 43, 33
34, 929, 0, 28, 23, 5, 43, 34
35, 684, 0, 28, 23, 5, 35
36, 221, 0, 28, 23, 36
37, 737, 0, 28, 9, 14, 37
38, 700, 0, 28, 23, 5, 38
39, 920, 0, 28, 39
40, 920, 0, 28, 23, 5, 43, 40
41, 418, 0, 28, 23, 36, 41
42, 303, 0, 7, 16, 42
43, 705, 0, 28, 23, 5, 43
44, 529, 0, 28, 9, 44
45, 754, 0, 26, 45
46, 387, 0, 7, 16, 18, 17, 46
47, 283, 0, 28, 23, 11, 47
48, 552, 0, 28, 9, 44, 48
49, 686, 0, 28, 49
0, 0, 0
1, 388, 0, 28, 23, 1
2, 195, 0, 39, 21, 2
3, 366, 0, 39, 21, 29, 6, 3
4, 131, 0, 39, 21, 4
5, 174, 0, 39, 21, 5
6, 160, 0, 39, 21, 29, 6
7, 246, 0, 28, 23, 36, 7
8, 406, 0, 39, 21, 29, 43, 8
9, 177, 0, 28, 9
10, 284, 0, 39, 21, 29, 6, 10
11, 232, 0, 28, 23, 11
12, 215, 0, 12
13, 249, 0, 28, 23, 13
14, 249, 0, 28, 14
15, 172, 0, 39, 21, 29, 15
16, 247, 0, 28, 23, 36, 7, 16
17, 321, 0, 39, 21, 4, 31, 17
18, 214, 0, 39, 21, 4, 18
19, 264, 0, 39, 19
20, 327, 0, 22, 20
21, 122, 0, 39, 21
22, 218, 0, 22
23, 143, 0, 28, 23
24, 177, 0, 39, 21, 4, 24
25, 278, 0, 39, 21, 29, 25
26, 315, 0, 26
27, 188, 0, 28, 27
28, 120, 0, 28
29, 124, 0, 39, 21, 29
30, 271, 0, 39, 21, 29, 43, 30
31, 209, 0, 39, 21, 4, 31
32, 229, 0, 39, 21, 2, 32
33, 320, 0, 39, 21, 29, 43, 33
34, 274, 0, 39, 21, 34
35, 341, 0, 39, 21, 29, 43, 35
36, 221, 0, 28, 23, 36
37, 332, 0, 39, 21, 29, 6, 10, 45, 37
38, 274, 0, 22, 38
39, 3, 0, 39
40, 201, 0, 39, 21, 5, 40
41, 176, 0, 39, 21, 41
42, 145, 0, 39, 21, 42
43, 221, 0, 39, 21, 29, 43
44, 377, 0, 44
45, 303, 0, 39, 21, 29, 6, 10, 45
46, 327, 0, 39, 21, 4, 31, 17, 46
47, 132, 0, 39, 47
48, 385, 0, 39, 21, 29, 6, 10, 48
49, 302, 0, 49
